3.723357951582159 -0.05876255562498045
6.274661766053441 1.5061917171790355
4.656010518201242 1.4425037467733546
2.8918713379537166 -1.5533768611139749
4.596679545770883 -0.5605423224601509
5.46276114332386 -0.06082555466628037
4.598814544778804 -1.5592108584030484
6.432690692621236 -0.6122142984493166
5.458915145111064 -2.01565064630654
6.355029728708416 -1.7024867918262316
5.464437142545137 0.9401729801941201
2.8490863578348353 -0.5541563254275843
2.4227905559241663 0.11799136224180984
4.059739795273686 -1.8701557139147553
6.597359616103631 -0.17800550021570416
5.4636681429024065 -2.6634923452704697
6.898939475966813 -1.8612767180404717
2.2985426136591514 0.4057392285324113
2.2314826448202894 0.5638821550471675
1.9076527952960873 -1.1238710606949098
6.265363770373995 2.048870465009486
